dataname,auditor_idx,vulnerability,function_name
2018-13089,0,Access Control,mintToken
2018-13089,0,Access Control,transfer
2018-13089,0,Access Control,burn
2018-13089,0,Wrong Logic,setPrices
2018-13089,0,Integer Overflow,buy