dataname,auditor_idx,vulnerability,function_name
2018-19834,0,Integer Overflow,mint
2018-19834,0,Integer Overflow,pullBack
2018-19834,0,Wrong Logic,transferFrom
2018-19834,0,Wrong Logic,approve