dataname,auditor_idx,vulnerability,function_name
2018-13779,0,timestamp dependency,transfer
2018-13779,0,ether frozen,transfer
2018-13779,0,timestamp dependency,send
2018-13779,0,ether frozen,withdraw
2018-13779,0,ether frozen,buy
2018-13779,0,ether frozen,sell